20676191 0.000211573 3.26917e-05 1.49468e-05
20676395 0.000218322 3.39715e-05 1.00771e-05
20676462 0.00022211 4.30766e-05 1.28691e-05
20676563 0.000210156 4.06896e-05 1.77456e-05
20676664 0.000200639 3.99465e-05 7.36305e-06
20676734 0.000220694 4.07478e-05 -1.3708e-06
20676836 0.000169713 5.92233e-05 3.00858e-07
20676938 0.000141651 3.54195e-05 2.37232e-05
20677038 0.000183822 1.6651e-05 2.85609e-05
20677107 0.000186425 3.62274e-05 1.12793e-05
20677208 0.000166441 3.66713e-05 7.30247e-06
20677309 0.000154326 2.0616e-05 3.33369e-05
20677410 0.000234332 3.37764e-05 -1.03582e-06
20677513 0.10663 0.00574561 -0.00701865
20677579 0.249712 0.00841347 -0.015668
20677647 0.369358 -0.00988272 -0.0150573
20677714 0.448767 -0.0375896 -0.0127957
20677782 0.501304 -0.0673005 -0.012463
20677815 0.534473 -0.0900555 -0.0175494
20677883 0.545806 -0.118629 -0.0192705
20677950 0.540467 -0.13871 -0.0173488
20678017 0.489792 -0.136951 -0.0138854
20678084 0.40307 -0.116241 0.00918892
20678117 0.309503 -0.0891902 0.0340247
20678185 -0.000280454 0.000168856 7.43336e-05
20678287 -0.0325991 0.0364496 0.0120629
20678355 -0.0516408 0.070256 0.0301924
20678423 -0.0643464 0.0959618 0.0481257
20678456 -0.0817154 0.115073 0.0606396
20678524 -0.108053 0.134405 0.0739692
20678591 -0.127737 0.150209 0.0907219
20678659 -0.166095 0.17965 0.0948182
20678693 -0.182023 0.186934 0.115154
20678760 -0.214242 0.202667 0.11335
20678829 -0.207246 0.188214 0.117828
20678862 -0.20242 0.176445 0.11592
20678929 -0.18985 0.165024 0.106662
20678997 -0.159184 0.149134 0.0974536
20679066 -0.102412 0.132248 0.0993011
20679099 -0.0734029 0.119906 0.0963035
20679166 -0.0199199 0.0990907 0.100981
20679200 -0.000814775 0.0824559 0.0921492
20679269 0.0502507 0.0497585 0.105041
20679336 0.0664489 -0.00895358 0.122239
20679403 0.142364 -0.0523431 0.133035
20679437 0.226733 -0.0780712 0.152712
20679505 0.381941 -0.0542748 0.165728
20679573 0.555137 -0.0146317 0.173789
20679606 0.716064 0.027144 0.180137
20679674 0.000297363 4.69766e-05 2.84139e-05
20679742 0.0485901 0.00768847 0.00279558
20679843 0.143957 0.0367248 0.00593276
20679876 0.202294 0.0535152 0.00107251
20679944 0.197609 0.0456836 0.0077206
20680012 0.185184 0.0293332 0.021111
20680080 0.204323 0.0374448 0.0278617
20680115 0.000121253 4.91243e-05 2.47828e-05
20680217 8.81731e-05 3.5768e-05 5.18464e-05
20680323 0.0366197 0.00830161 0.00907086
20680423 0.173105 0.0332467 0.0313954
20680457 0.347289 0.0763606 0.0334403
20680526 0.471375 0.0758547 0.0155093
20680593 0.536203 0.0532794 0.01138
20680661 0.587951 0.026324 0.0152063
20680695 0.606522 -0.012105 0.0199239
20680762 0.574799 -0.0497435 0.0148735
20680830 0.511868 -0.0772462 0.0194475
20680898 0.399667 -0.085292 0.0265441
20680965 0.267302 -0.0664768 0.0322039
20680999 0.0816356 -0.0188591 0.0236911
20681067 -0.00144158 0.00075614 0.000178131
20681135 -0.0527765 0.0342139 -0.00310238
20681235 -0.0214145 0.0252303 0.00177577
20681303 -3.36081e-05 0.000118513 1.5526e-05
20681370 -0.000178417 0.000121782 1.36069e-05
20681475 -0.0143061 0.0165147 0.00554017
20681576 -0.000108604 0.000123618 3.3405e-06
20681645 -7.4228e-05 9.12729e-05 -4.85409e-07
20681747 -3.42841e-05 8.26855e-05 3.65533e-05
20681848 -0.106334 0.0396348 -0.0173468
20681915 -0.251467 0.083942 -0.0325882
20681983 -0.307287 0.117284 -0.0347889
20682050 -0.361425 0.130525 -0.0368527
20682084 -0.355719 0.124838 -0.0298705
20682151 -0.298552 0.114993 -0.00970048
20682219 -0.197437 0.115276 0.00877772
20682286 -0.115168 0.120317 0.024503
20682320 0.000161717 1.72961e-05 6.16113e-05
20682422 5.2622e-05 4.07083e-05 2.07974e-05
20682490 -1.15643e-05 4.4561e-05 2.50307e-06
20682592 -1.86693e-05 4.57378e-05 4.71036e-05
20682694 -4.47878e-06 5.82618e-05 -1.8299e-06
20682795 -1.5819e-05 4.14045e-05 3.44959e-05
20682864 7.80377e-06 5.43141e-05 3.66748e-05
20682965 -3.97436e-05 5.23026e-05 2.03132e-05
20683068 -8.69692e-05 4.8113e-05 3.05058e-05
20683170 -0.0324008 0.00337738 0.00868913
20683238 -0.0671468 0.00706242 0.0208229
20683305 -0.0689854 0.0242085 0.0325681
20683339 -0.151018 0.025405 0.0485081
20683407 -0.177661 0.0537553 0.0510937
20683475 -0.21642 0.0752408 0.0489259
20683543 -3.96971e-05 6.33966e-06 9.43238e-05
20683610 -6.3422e-05 1.90142e-05 9.35957e-05
20683711 -0.0464362 0.00817353 0.00946436
20683779 -0.0838056 0.0197545 0.0189843
20683846 -0.116931 0.0281458 0.0296483
20683879 -0.120238 0.0393608 0.0170081
20683946 -3.15572e-05 5.56771e-05 -1.30012e-05
20684048 -0.0234969 0.00884936 0.00697895
20684115 -0.0608334 0.00825313 0.00568577
20684182 -0.00284265 0.00377091 0.000723045
20684249 -0.000113374 2.19114e-06 2.65941e-05
20684316 -6.3018e-05 -4.23791e-06 1.64849e-05
20684418 -0.000116968 -1.33002e-05 3.54729e-05
20684520 -0.000121056 4.78968e-05 4.77846e-05
20684621 -6.64264e-05 3.31148e-05 2.65698e-08
20684687 -3.62526e-05 1.31778e-05 -2.03447e-05
20684789 -4.23272e-05 1.04127e-05 -3.81806e-06
20684890 -8.63446e-05 7.48368e-06 4.21141e-05
20684992 -8.07433e-05 1.99109e-05 2.69733e-05
20685092 -7.63622e-05 1.21275e-05 2.47908e-05
20685161 -6.38842e-05 1.08528e-06 1.81664e-05
20685262 -7.65381e-05 2.52785e-05 2.68468e-05
20685364 -6.94942e-05 3.12772e-05 2.92091e-05
20685464 -3.74844e-05 1.82979e-05 3.24941e-06
20685532 -4.7654e-05 -8.17279e-06 4.3919e-06
20685634 -6.88272e-05 1.39321e-05 3.56633e-05
20685734 -8.13765e-05 1.24297e-05 5.45283e-05
20685836 -5.15012e-05 1.95826e-05 8.90455e-06
20685903 -4.59116e-05 2.37195e-05 1.49691e-05
20686004 -5.18223e-05 9.75695e-06 3.80838e-05
20686104 -5.86024e-05 -7.62218e-06 3.42533e-05
20686207 -5.30086e-05 8.22528e-06 2.30713e-05
20686277 -5.16656e-05 1.43526e-05 2.11193e-05
20686380 -6.0627e-05 5.2705e-06 3.75873e-05
20686482 -4.75586e-05 1.90821e-05 1.58854e-05
20686584 -6.05094e-05 1.16933e-05 3.68509e-05
20686687 -5.80781e-05 1.34406e-05 3.32734e-05
20686754 -5.40104e-05 1.01766e-05 2.61595e-05
20686855 -4.9947e-05 1.81847e-05 2.69458e-05
20686957 -5.12819e-05 1.58125e-05 2.8471e-05
20687057 -5.52306e-05 5.85146e-06 2.92943e-05
20687126 -4.47936e-05 8.45237e-06 2.02193e-05
20687227 -4.56603e-05 8.55164e-07 2.40774e-05
20687330 -5.11644e-05 5.25304e-06 3.36025e-05
20687400 -4.45916e-05 -1.39041e-07 2.81301e-05
20687501 -4.48073e-05 7.06201e-06 2.39655e-05
20687603 -4.44353e-05 2.84e-06 2.99627e-05
20687704 -5.12486e-05 -5.08141e-07 2.86322e-05
